62 100 174 343 378 661 786 934 984
12 899 901
470 778 784 861
292 432 546 867 898
140 371 630 701 704 714
115 298 377 448 721
36 222 454 485 602 625 675 816 968
316 393 475 565 648 654 720 981
289 312 523 620 676 793 939
306 567 836 954
169 193 197 408 433 580 820 897
5 337 673
105 244 281 331 450 664
121 352 569 658 687 865 888 964 995
71 291 634
142 206 399 446 508 525
144 239 449 544 552 665 733
118 260 833 868 987
8 30 41 203 411 512 521
187 523 782 937
216
485 719 828 843 854
213 348 710 833 843
141 224 341 370 805 907
438 506 543 675 884 981
335 487 612 686 877 919 930 974 999
227 547 653 702 730
29 311 762 834 838 981
71 338 563 593 680 784 906 942 971
28 111 152 536 630 911
426 501 749 843 970 996
229 382 448 529 589 921 954
19 24 157 331 470 500 606 697 702 734
65 316 351 617 654 876 923
78 174 289 667
330 336 552 639 673 832 884 994 997
492 752 786 975
55 228 349 372 524 836 845
456 522 728 828 920
196 252 495 930 980
708 935
577 772
20 266 268 399 481 793 894
183 356 378 418 544 987
514 889 932
123 512 534 584 680 752 955
333 467 566 847
224 225 325 433 499 654 713 985
121 280 292 448 548 596 801 846 939
8 9 61 79 346 356 397 418 453 600 931
42 579 801
143 233 346 357 462 526 965
168 192 309 665 928 970
342 399 548 550 870 970
552 589 702 768
6 217 544 564
56 267 404 613 898 993
130 291 339 466 519 662 695 956
30 62 203 566 725 860
101 175 433 548 650 839
8 178 286 324 352 624 625 724 846 921 991
297 392 417 438 591 725 834 875
7 146 331 356 556
23 226 700 712 713 823 980
18 355 669 681 914
101 187 341 524 674 755 868 932
127 342 376 403 560 702 818 881
38 184 239 392 610 794 876 895
177 223 343 455 468 561
609
110 226 377 493 515 700 968
44 303 747 748
45 205 221 968
315 432 706
71 291 297 634
198 645 855
45 69 197 229 331 408 423 461 640
1 238 582 784 810 870 931 944
502 691 813
63 278 291 701 707 803
93 574 651 662 671 697 864
205 206 655 739 930
38 184 198 228 323 610 694 742 768 855
74 416 794 895 906 997
51 156 808
268 487 632 686 919 974
92 233 462 523 798 909 951
325 606 714 755
24 173 234 389 533 701 750 867
105 293 331 664 749
528 871
2 283 353 552 610 855
20 124 421 644 818
453 723
494 528 823 926
34 162 165 182 203 426 471 693
305 601 857
145 551 603 674 802 990
390 560 616 803 974
4 145 231 254 603 641 751 802
55 102 127 478 918
77 127 144 528 772 871
173 179 548 957
38 502 509 759 918
206
4 144 231 254 641 751
202 340 837 973
230 429 448 750 992
79 370 939
360 823
139 212 332 531 574 676
257 385 529
347 469 471 697 775 794 984
289 364 566 939
54 103 109 134 160 192 339 444 841
109 110 113 391 392 515 718 806 893
97 118 759
29 93 262 324 393 521 591 657
26 211
133 141 465 474 790
55 228 349 372 772 781 836 845 966
140 295 375 507 542 587 710 789
252 302 503 633 688 690 817 906
31 222 449 972
156 165 382 780 781 981
131 340 371 553 556 565 781
284 287 580 828 879
174 289 660 808
36 366 377 399 485 598 665 785 816 921
367 390 412 538 585 602
30 66 499 505 536 910
19 374 380 423 433 435 754 794 946 994
36 143 194 706
40 79 183 207 370 612 726 916 939
553 575 657 803 891 897 957
678 863 989
75 270 297 517 553 818 866 906 913
103 312 352 440 777 784
279 289 348 369 435 440 848 948
183 329 407 475 496 544 611 834 887
86 117 203 424 698 738 906
12 585 587 612
6 388 396 625
249 311 445 750
110 244 493 546 700 930
42 130 239 315 373 392 660 666 794 876 920
12 33 99 119 215 255 390 560 616 789 974
92
122 199 720 888 910
182 402 541 550
86 137 563 769
951
166 213 403 652 839 872
8 286 352 540 625 846 921
151 189 581 777
41 264 349 525 643
120 174 278 291 483 654 701 858 938 942
233 464 524 569 909
139 307 412 538 602 608 648
167 451 500 650 705 838
117 140 392 616 895 950
57 161 331 382 423 461 840 944
168 174 323 425 446 657 787 825 914
264 292 432 546 740 867 898 960
6 248 606 614 642 707 850
295 507 538 544 710 866 975
216 287
198 301 375 459 603 794 945 987
268 587 868 973 987
190 392 433 489 708 763 971
65 922
62 566 860
3 207 209 408 437 687 775
54 147 204 562 724 825 922 991
8 18 184 316 370 371 851
65 395 400 547
276 341 480 602 712 800 805 831
226 383 400 456 533 660 676
316 351 399 617 712 823 980
33 749 814 956
295 507 710
20 54 253 637 644 688 778 951
136 322 460 980
227 547 653 702 730
52 685 988
187 452 644 674 932
143 196 495 980
166 213 872
63 97 189 222 379 454 685 706
146 237 597 906
324 332 707 736 915 963 980
54 167 390 560 616 974
203 475 545 648 720
293 334 463 568 833 849 939
161 181 307 726 728 871 949
20 383 411 516 803
143 247 253 416 500 628 685 737
73 81 144 387 412 414 508 837 869 928
112 187 274 523 689 782 798 848 899 937
296 307 369 515 623 645 670 996
49 69 110 183 608 677 726 959
580 646 879
29 92 359 471 483 850
139 429 553 601 633
331 423 461
366 397 563 586 808 944
181 367 390 566 585 691
561
159 766 839
19 43 380 493 634 635 868 904
104 226 419 533 646 676 787 818 843
57 156 210 382 840
127 376 802 805 818
408 444 513
26 99 211 282
14 183 223 307 309 358 369 520 631 725 842 921
110 282 287 414 424 561 775
101 340 928 930 999
293 433 474 576 614 646 849
226 533 676 981
386 779 988
31 62 79 223 357 370 658 939 987
426 619 746
224 473 914 992
401 961
228 603 790 912
202 340
160 273 283 433 515 546 696 919
325 616 828 943 990
93 137 140 233 294 489 889 995
300 468 551 565 632 643 674 849 865 990
205 247 310 648 678
127 560 818
10 100 227 264
23 79 247 310 545 648 694 709 772 966 993
894
80 189 319 618 707 764 772 963 966
230 550
46 143 203 367 763
41 104 812 823
29 68 92 100 202 256 359 498 594 743
204 623 796
393 506 713 735
737 878 887
79 140 158 433 631 849
60 79 140 158 570
140 329 332 390 856
47 482 673 878
232 294 446 514 700 889 932 943
75 162 693 818 866
138 351 546 849
215 563 758 784
222 602 675 977
194 985
12 24 177 244 425 444 587 610 675 808 939
594 964
759 779 823 929
72 246 264 672 829
392 410 595 653 707 725 943
65 155 277 655 826
236 237
30 66 499
101 247 416 500 737 755 868
25 287 302 330 391 586 639 713 884 994
241 311 412 496 716 717 801 965
482 535 713 759 801 846
5 187 337 382 673 716
158 217 601 612
161 450 593 747 748
95 266 381 750 791 834
91 129 150 157 697 786
20 115 119 124 241 267 421 648 770 971
118 154 487 677 911 980
378 439 560 591 651 759 805
194 215 282 991
224 589 638 845 970
14 114 195 448 702 723 724
37 155 279 507 987
113 203 575 657 693 765 781 803
409 521
83 241 244 281 382 383 395 450 701 797
456 500 608
14 69 324 727
4 231
431 542 771 791
165 182 253 426
198 565 675 754 946
43 53 118 171 373 744 827
181 300 321 509 677 970
55 57 228 349 372 572 836 845
282 324 452 759
352 374 476 578 590 658 687 741 964 995
56 334 393 724 902 906
109 210 285
230 304 352 358 550
42 91 174 309 482 665 679 858
105 350 362 545 559
151 153 680 800 831
348 424 768 808 874
203 346 372 998
66 126 252 410 495 552 980
418 444 445 474 489 610 811 871 987
86 203 311 424 792
123 281 867 888 952
318 868 987
883 917 953
70 158 238 460 543 931
221 245 411 516 770 886 923
17 105 110 134 197 356 491 546 945
271 485 671 801 990
104 399 604 812 823 955 983
429 448 750 992
137 190 383 446 482 720
55 192 200 260 625
472 480 482 758 800 964
80 179 348 432 701 786 831 854 966
32 130 166 373 411 506 516 708 779 854
30 252 334 567 649 786 792 953
115 166 338 368 766 768 860
55 97 118 127 130 140 254 301 354 358 378 385 474 631
150 665 697 854
311 490 792 807
23 55 81 85 297 447 479 928
78 199 342 455 485 799 908
24 34 344 367 429 634 749
246 354 456 684 926
18 25 107 184 302 316 370 371 494 713
157 166 185 254 638 709 718 851
317 711 763
8 99 110 249 483 487 494 867 925
257 325 475 505 517 536 843 910
65 174 216 249 628 675 686 716 770 771 837 922 966
228 367 368 525 854 886
377
95 294
23 162 165 215 291 330 604 644
37 107 155 210 507 542 987
59 197 335 431 528 596 842 872
6 138 311 971
134 570 576 744 944
74 222 366 379 454 514 706 950
36 56 129 143 194 526 647 714 902 966
69 128 311 804 807 960
421 552 784
60 173 451 475 484 570 592 953 983
68 103 608 704
8 222 397 453 518 563 602 675 931
61 109 129 616 645 943 955
46 208 320 379 423 435 848
62 91 157 402
130 177 241 283 376 433 678 685 849 873
42 99 216 404 447 574 903
431
230 488
214 553 712 949 953
80 98 161 529 535 970
321 638 718 728 881
238 448 784 931
140 154 205 290 429 542 699
249 257 483 494 624 974
109 134 192 229 589 728 779 784 954
53 256 656
6 121 351 371 382 407 845 986
422 514 616 889 932
287 381 917
6 60 614 991
205 245 249 473 770
44 133 441 448 540 876
3 18 145 202 250 343 393 437 577 581 623
4 54 193 231 254 319 521 593 627 641 751
9 587
37 73 98 452 644 753
617
469 566 606 642 707 850 867
449 971
160 676
44 905
95 246 331 343 356 556 634 648 672 679
47 158 376 566 635 819
4 231 254 641 686 751
399 413 493 789 825 844 952 966 990
1 33 42 130 315 373 432 580 702 920
653 840 974
44 383 448 456 702 747
46 208 320 379 423 640 702
99 131 264 482 550 742 758 772 827
135 162 217 232 417 693
278 302 334 356 418 717 765
33 557 580 639 807 850
129 767 799 894 900 910
93 218 294 509 691 918
24 165 182 419 426 570 823
42 179 440 509 764 964
67 88 522 552 905
475 539 650 708 843
92 166 195 292 448 633 948
282 511 513 930 999
273 362 366 563 586 808
10 100 227 264
147 298 469 517 638 718 735
20 124 215 421 480 752 800 819
100 157 166 185 233 709 778 851
254 302 437 535
174 289 301 660
512 799 837
284 370 374 430 582 691 706 828 859 881 941
253 696
48 562 680 709 718 934
62 291 318 328 627 666 841 913
75 100 233 462 841
26 211 726 818 837 957
45 217 489 673 939
92 145 522 577 581 921
235 429 448 750 992
16 62 301 474 515 566 787 860
408 444 513 791 914
160 172 299 331 546 720 823
68 103 109 212 413 439 608 645 952
32 782
41 438 608 805 819
43 395 744 979
141 161 465 474 790
66 140 154 205 735
10 23 333 480 601 670 805
19 123 544 672 674 823 953 958
187 213 348 674 710 833 932
46 173 389 454 533 701 720 727 860
5 193 624 726 736
88 508
25 348 391 854 905
80 179 749
633 665 704 717
174 241 392 457 789 909 917
186 332 372 733
269 312 680 743 808 952
123 296 378 390 560 562 585 616 974
210 542
350 362 372 421 429 545 559 578 591 662 673
18 78 355 667 672 802 872
109 130 399 645 875
222 379 454 571 706
265 302 428 509 671 928
61 523 591 620 890 978
342 484 502 646 662 691
988
92 312 522 604 681
183 331 423 461
33 580 839 852
137 355 516 897 925 979 986
17 134 356 491 694 854 905 935 945 962
404 447 574 778 903
146 949
19 184 300 558 616 642 720
188 219 307 385
141 316 475 650 705 843
177 351 525 788 927
184 300 558 616 842
9 75 138 360 366 980
199 255 403 524 557 568 639 807
140 207 679 789
140 181 570 612 640
601 701 930
84 625 808
264 352 470 580 778 784 820 861
292 360 399 548 656
173 671 690
56 62 129 291 328 404 413 613 692 770 945 952 971
203 248 323 333 589 606 694 742 800 961
438 571 583 726 957 981
83 419 481 679 787 803 809 843
79 140 158 527 724 962
388 454 556 606 719 745 909
320 617 701
172 299 331 720
19 123 544 674 958 970
135 376 394 635 819
336 661 810 832
349 372 404 447 574 903
38 140 502 671 956
2 157 317 446 588 599 810 961
180 244 281 450
38 355 371 502
45 205 207 212 518 916
33 72 181 224 466 591 767 989
13 55 182 512 519 565 761 780
140 352 789
26 455 468 475 561 650 843 887
23 85
312 370 397 939
864 994
83 318 481 679 803 809 954
127 528 747 871
311 412 716 755 965
121 367 609 656 721 805 886 896
580 899 969
213 273 348 616 710 833
388 625 728
646 837
26 178 324 646 724 991
112 243 689
283 545
137 302 319 334 441 582 765 810 870 944
14 183 309 369 393 495 633 725 756 810
105 316 351 617
525 574 724 927
59 143 222 237 303 393 461 757 773 821 864 889 991
342 421 646 662 770
147 188 320 482 510 616 950
201 218 269 551
331 423 461 478 489 527 871
18 343 480 489 602 623 712 871
82 384 386 928 939
72 118 504 515
65 134 191 426 744
99 249 362 366 441 674 987
76 239 278 550 634 742 772
80 465 529 535
9 404 551
374 430 582 859 881
239 291 306 370 609 650 682 983
159 227 381 382 550 701 745 772 775 824 826
204 221 223 249 324 342 483 494 496 563 646 662 906
342 382 439 448 529 646 662 921
210
69 545 570
226 414 690 708
268 606 632
351 661 671 753
101 174 755 909
145 164 188 206 446 508
37 154 468 487 513 794 966 980
444 445 577 629 898
208 393 411 570
48 60 448 464 593 646 680 709 948 985
110 197 335 484 528 596 842
127 266 342 455 686
104 279 381 607 732 774 818
70 583 617 701 709 778 851 971
66 97 189 253 685
317 487 588 839 852 961
72 118 146 358 409 460 686
57 345 347 738 806
253 302 334 469 476 765 769
10 185 199 403 524 617 687 836
290 302 345 566 642 780 809
24 110 252 419 438 484 747 753 893
59 867
290 320 345 408 654
37 49 73 110 364 369 407 437 608 656 677 682 689 753
24 234 386 750 785 867
219 227 307 548 870
325 500 606 714 755 825 827
357 429 553
1 23 333 532 601
12 226 488 514 522 539 587 598 689
83 160 265 431 542 600 676 771
41 215 350 362 366 438 545 559
117 140 329 435 753 849 856
76 91 95 145 239 278 294 333 745
602 688 788 967
276 678 770 784 864
82 390 465 552 631 679 726
188 307 385 686 694 738 773
214 316 351 617 766
396 640 715 912
571 627 846 913
115 129 197 377 721
640 708 808 912 935
366 374 430 582 859 881
701 824 826
297 351 373 665 733 827
243 392 450 676
161 307 726 728 871 949
14 126 270 281 377 465 549 688
12 249 587 634 775
87 348 771 810
14 45 121 165 176 647 756 895
132 372 401 478 527 678
108 429 553 576 601 789 798
173 269 356 390 487 882
316 351 545 576 617 653 959
47 49 145 206 442 478 603 706 769 802
54 55 75 152 193 317 450 462 472
65 298 550 643 669 681 826 914
168 323 446 654 876 914
201 269 375 432 551 734 771 940
30 132 203 401 528 678 872
700 847 868
158 939 975 998
53 273 550 580 681 820 947
157 160 518
198 262 301 459 742 765 794 987
93 726 749 959
55 58 101 228 349 372 429 755 810 836 845 970
436 456 516 561 850 918 928
274 330 343 593 606 748 775 845
141 316 377 461 605 705 926 970 995
21 117 371 414 552 612
95 195 294 381 410 611 921
89 221 282 308 509 546 553 815
42 248 606 642 707 801 850
56 152 334 407 886
26 266 747 748 821 864 889 980
101 178 324 489 724 991
9 58 76 810 826 939 970 980
393 506 713 735
223 482
81 233 296 318 369 403 604 608 640 670 719 791
87 93 526 693 844 851
324 665 674 854
80 189 618 764
701 824 826
42 389 421 455 622 752 794 799 844 908
987
49 253 361 455
88 161 247 378 416 500 508 737 847 898
496 544 611 887
141 316 705
99 433 768 864 888 908 936 963
5 18 55 812 919
52 197 262 332 408 801 846 849 988
300 509 677 955
403 702 881
79 142 266 268 450 660 793 903
148
83 596
124 249 634 696 775
273 587 620
125 320 337 791 826
141 224 370
247 310 433 440 648 713 784
43 84 174 191 289 380 399 432 493 635 868
117 433 486 698 738 777 906
77 131 142 591 654 894 958
420 608 702 713
8 286 352 540 625 846 921
302 591 618
9 144 210 517 719 935
57 205 530 571 627 846 913
424 482 640
429 529 673
73 83 160 494 676 926
46 141 143 436 456 465 474 516 553 561 720 790 850 918 928
347 469 471 697 775 794 984
103 139 309 330 344 383 803
236 823 956 961
517
640
7 225 355 686 995
19 75 158 228 314 369 430 473 670 727 762 892
5 29 324 337 382 673 965
12 122 564 724 784
89 272 308 509 795 815 864 992
310 324 629 898
46 65 187 202 250 352 393 433 716 717 744
238 356 418 858 921 944
92 310 318 465 629
143 179 247 253 310 373 388 648
420 518 563 948
438 475 814 901
78 89 390 590 642 748 827
143 393 757 773 933
300 381 565 643 732 849
292 430 548 852
56 239 308 392 393 452 794 821 876 986
77 144 274 330 606 748 772 845
312 391 616 674 793 854 950
161 307 726 728 871 949
484 497 591 674 716 877 926
545 556 813
72 216 290 866
342 399 454 550 625
145 801 953 991
366 386
366 389 393 408 535 772
386 486 800 837
69 803
84 139 707 768 963
115 377 721 878 914 951
169 193 304 433 482 897
13 55 565 694 761 984
426 630 782 944
48 108 223 575 576 581 798 879
146 237 304 563 597 651 921
150 183 329 475 546 697
19 129 244 266 300 383 509 677 803 875
53 159 440 784
95 178 271 294 482 705 952
83 253 551 552 696 772 806 897
57 345 347 397 738 806
59 247 310 528 648 801 872
18 509 669 763 953 964
44 137 190 383 720 905
734 825
93 671 900 907 910 915
32 196 254 307 552 782 855
71 247 291 312 419 591 634
410 595 653 943
92 96 306 330 522
82 280 721 726 887 957
55 369 529 567 706
129 244
580 701 820
370 510 637 774
492 752 786 975
103 139 283 309 330 344 493 495 675 741 756
311 792
197
37 64 183 214 329 470 475 636 766 814
573 768
29 53 92 159 359
147 298 340 654 711 735 985
756 819 964 982 993
20 291 399 408 481 894 899 901
58 69 141 266 268 679 793
30 66 367 499 759 886
166 283 336 428 504 707 960
347 366 469 471 697 775 794 984
34 151 203 422 471 616
393 448 637 723 986
95 188 294 510 714 832 987
54 148 169 314 420 560 608 616 673 702 746 760 811 832 980
403 652 839
129 369 575 670 676 714 966
167 312 838
69 390 392 515 560 616 974
132 216 369 582 810 816 980
69
525 550 551 674 772 874 899 901 990
177 292 548 592 748 834 930 993
111 264 390 511 584 610
375 556 843 914
156 288 306 354 436 586 842 993
155 230 286 301 568 971 993
331 356 556 626 795
27 85 138 139 438 472 658 678 887
227 433 576 614 736
347 404 553
71 338 528 680 823 870 942 971
77 384 424 462
311 740 792 905
44 95 286 287 543 926 943
283 371 433 475 849
32 109 130 185 689 708 954 980
31 47 49 248 261 589 702 772 972
29 105 110 177 197 582
324 391 468 486 632 865 898
26 887
143 257 385 393 529 625 697 757 768 773
129 392 515 714 907 966
126 186 332
37 468 794 966
62 88 92 250 676 747 897
306 420 567 836 954
381 410 579 595 653 917 943 954
79 121 140 158 387 433 834 848
331 366 386 423 461
182 345 391 402 444 541 550 646 713 883
113 207 247 310 397 648
53 656
26 173 484 592 642 887 906
351 637 661 671 961
155 230 286 568 971
18 343 493 623 825 844 966 990
29 48 92 359 680 709
46 65 352 433 660 717
364
41 411 512 521
51 150 156 676
347 469 471 520 697 775 788 794 842 984
312 353 425 590 840
229 370 589 784 954
154 706 873 894 917
536 542
111 133 141 147 194 196 408 618 701 813 876 903 946
49 350 361 362 545 559 585 928
75 169 314 368 723 811 818 860 866
185 538 544 687 866 975
75 151 153 818 866 987
433 437 612 681 742
115 166 301 338 414 474 721 737
80 179 425 519 829 843 870
96 171 383 613 770 803
4 13 116 331 356 468 556
131 142 146 335 591 894
165 182 426
214 290 766 821 864 866 889
287
244 311 321 702 733 826 846
485 828 854
8 286 352 540 625 846 921
82 454 743 814 887 956
71 338 439 658 680 942 945 971
133 293 533 539 671 728 767 880
92 102 106 705
126 316 574 659 660 724
230 303 457 513 550 592 627 719 793 999
125 320 337 570 677 791 826 991
212 223 309 477 693
119 305 332 390 461
54 148 266 390 560 616 660 888 974
370 578 665 746 854 933 991
217 414 539 592 604 787 928
157 166 185 393 552 709 851
159 237 382 669 701 745 775 977
95 343 648 679
351 661 671 674 781 854
117 257 385 529
7 14 183 309 369 725
47 115 421 451 499 908
56 244 308 421 452 546 821
266 268 415 793
104 150 697 995
307 509 609 918 943
409 521 656 759
243 285 572 721
81 85 165 297 447 479 493 675 681 756 928
485 631 654 747 828 854 876
173 205 484 592
98 152 536
257 385 529 640 912
19 81 262 927
101 131 142 461 561 591 839 894
121 235 336 818 823
66 410
311 412 716 965
154 272 487 513 786 795 834 980
121 187 331 423 461 636 638 779 828
305 601 638 640 718 857
111 283 504
102 616 771 918 950 981
31 189 262 435 486 791 822 868 968 990
73 81 311 414 792 869 928
168 192 264 363 421 928 970
117 207 209 356 418 687 775
82 319 384 386 928 939
229 589 784 945 954
245 289 329 389 565 794
140 154 205 218 487 501 576 691 725
308 472 524 625 633 653 962 964
42 72 99 216 747
19 331 500
12 122 232 560 628 686 724 835
411 601 701 763 835 930
201 269 551
89 95 308 346 509 608 815
13 65 91 391 546 687 690 872 879
75 104 161 292 542 559 699 944 995
56 273 283 433 474 515 610 647 696 919
511 593 653
60 292 421 661 768 804
52 421 464 597 742 981
268 383 400 456 868
503 688 690
118 360 779
92 158 522
55 653 964 980
109 265 269 310 356 552 572 629 882 895
169 193 433 897 944
277 312 313 426 464 782
105 110 197
89 227 660 714 736 832
53 366 394 495 516 550 749 772 906 947
2 311 352 369 407 433 658 682 687 777 792 803 964 992 995
195 324 410 472 520 545 604 842
34 72 102 418 602 788
145 801 991
172 835 918
48 273 283 331 433 515 696 734 774
210 571 759
429 448 750 792 992
297 417 438 684 875
220 290 353 514 579 609 876
62 402 700 847 868
197 335 528 596 715 768 842 891
95 134 617 701 821 832 941
8 217 701
123 177 429 459 676 775 972
359 647 711 807 862
23 128 135 188 523 620 652 653 868 874 964 980
151 153 262 319 473 521 654
6 219 267 517 520 614 770
8 210 286 352 540 542 625 685 846 921
37 160 173 296 468 546 794 966
73 81 414 529 788 841 869 928 933
62 141 265 465 474 538 588 638 790
15 147 184 386 404 410 467 486 800
544
224 225 279 499 586 651
195 292 322 351 454 546 836
14 134 183 300 309 369 725 904
123 512 534 680 752 922 955
19 101 347 382 755
44 303 335 355 877
107 123 226 414 512 534 584 680 708 752 939 955
198 294 301 459 742 749 794 987
147 218 691 724 825 987
273 361 373 508 528 620 827 978
157 222 379 454 706
5 46 68 241 259 393 691 744 766 829 998
98 152 536 667 674 716 877 926
15 278 553 631 717 757 856 992
13 21 148 238 268 543 721
54 213 283 633 641 674 675 702
158 217 307 601 701 930
86 546 826
50 172 410 482 718 859 872
146 296 301 335 817
246 438 558 729 869 981 990
0 110 406 493 700 711 743
83 551 806 897
121 140 205
46 208 320 379 423
495
46 117 137 143 230 233 889 995
75 145 164 165 188 263 283 799
146 308 665 733
75 165 223 263 283 335 799 877 986
100 120 261 273 654 670 821 938
205 624
65 623 645 922 996
27 85 138 419 438 472 658 673 678 887
25 119 164 315 411 449 564 646 880 911 937
143 393 464 725 757 773 803
307 609 928 943
348 403 432 542 702 881
162 199 330 342 586 644
433 734 768 888 963
14 183 211 230 309 369 693 725
164 382 449 646 880 911 937
24 157 320 437 470 681 702 734
232 294 575 657 700 803 943
246 354 456 684 926
385 510 832 868 987 995
256 421 768 804
113 132 150 566 697 933
18 385 596 684 927
87 93 267 770 851
347 386 404 553 838 851 963 981
666 850
45 80 171 425 519 939
134 249 535 744 987
369 670
543 567 593 775 926 943 953
360 410 595 653 786 943
475 518 563 648 720 964
397 423 504 515
8 19 123 281 544 579 674 885 958
397 798 848 899
71 347 426 679 721 804 831 897
241 368 669 709 710 938
190 248 549 655 834 930 999
117 670 718 873
223 828 906
404 613 620 763
5 46 140 237 259 766 829
1 201 944
31 821 864 889
243 433 525 576 614 778 927
68 177 241 678 685 998
188 221 262 325 411 510 521 854 905
233 291 462 466 909
6 166 431 542 544 564 771
21 35 620 660 759 766 925 926 990
54 136 148 342 399 550 752
91 333 500 650 705 745
79 137 239 320 343 370 433 528 768 888 939 963
61 352 805 861
321 728 881
14 45 69 111 214 701 766
86 203 424 694
86 144 212 508 546 826 926
9 28 298 756 810 911
195 397
226 295 514 533 576 676 830 889 893 932 971
190 340 501 576 652 725
68 100 202 246 256 354 425 431 456 498 594 684 743 926
669 713 977
126 393 454 735 750
393 576 902 971
13 21 238 646 713 721
68 241 296 368 515 973 995
666 695 712 823 956 980
381 732
393 506 713 735
1 144 153 393 425 532
55 290 376 635 819 866
165 587 756
224 296 515
31 111 224 610 942
224 225 279 499
93 306 567 594 836 954 964
372 430 672 733 852
83 481 854 980
454 505 727 860 990
135 160 431 518 594 653 715 874 964 980
151 153 381 389 535
8 91 241 352 496 596 717 801 937
38 204 546 861 951
147 298 735
